nan
nan
nan
nan
nan
nan
nan
nan
nan
nan
nan
nan
nan
nan
nan
nan
nan
nan
nan
nan
nan
nan
nan
nan
nan
nan
nan
nan
nan
nan
9.155245591659333382e-01
9.136027608491195107e-01
9.098414827951628592e-01
9.063104861616561037e-01
9.031381703218589463e-01
9.003009791164665598e-01
8.967293327645701195e-01
8.950527142606033992e-01
8.954306810577272735e-01
8.978730321300022466e-01
9.016429873392339811e-01
9.077017065706584065e-01
9.135610826903356463e-01
9.173905400139874544e-01
9.183620332510258333e-01
9.165239461138889876e-01
9.114415061393732476e-01
9.058092794752844457e-01
8.996958393972611656e-01
8.939080798458411969e-01
8.907538387071053387e-01
8.924129836046985620e-01
8.947499789205006770e-01
8.977277174775800672e-01
9.023369612148435248e-01
9.071103572002272575e-01
9.105148505896871747e-01
9.124465803131204256e-01
9.122535560725152370e-01
9.106403546348564859e-01
9.059565968242648815e-01
8.995172574300747126e-01
8.934865068726715043e-01
8.871213464065784704e-01
8.834353154623857396e-01
8.829707213515509689e-01
8.866061698856206874e-01
8.928106594772871052e-01
8.997011278642301768e-01
9.060226429035486140e-01
9.102292782983946173e-01
9.114264112893514236e-01
9.099589400435947883e-01
9.071390571773635392e-01
9.023795154277118868e-01
8.982189659305916951e-01
8.956859425097211114e-01
8.920824242439834295e-01
8.914700161498728681e-01
8.938089224757794771e-01
8.961429720746458827e-01
8.993882643213562122e-01
9.027473418992034704e-01
9.059970635931176020e-01
9.086066948287980782e-01
9.089339929477916469e-01
9.073985152720217551e-01
9.047279921972666283e-01
9.005679456974504671e-01
8.959782410777020756e-01
8.921288514224452459e-01
8.906995442836267429e-01
8.919631937858327753e-01
8.963670878685735532e-01
9.036212060921587907e-01
9.117505400344484423e-01
9.183870871053335661e-01
9.229421711901840686e-01
9.249588831488695373e-01
9.242625236709974823e-01
9.220335235586109013e-01
9.184743864852972228e-01
9.153032730484583768e-01
9.130174757388205276e-01
9.131778231537199808e-01
9.131749565557210069e-01
9.133650559702937155e-01
9.168779260191786129e-01
9.191863339657205811e-01
9.221337772147426559e-01
9.244250774859144038e-01
9.258787453798037470e-01
9.263329719466047996e-01
9.262187706795536046e-01
9.247868493349771235e-01
9.216307348382681841e-01
9.182426011395664611e-01
9.161024449360082311e-01
9.149891472474691589e-01
9.150095397498885230e-01
9.164104336344830459e-01
9.202946380935124182e-01
9.243279846943415201e-01
9.281601160922672289e-01
9.311647132216471778e-01
9.330967581667650723e-01
9.329336490955487671e-01
9.310564710956142909e-01
9.287735348327508245e-01
9.265178080276383898e-01
9.241811713121663718e-01
9.237415927649469394e-01
9.239556809814926108e-01
9.252132004817381628e-01
9.271038699053520959e-01
9.308560759231022663e-01
9.347618694545956064e-01
9.364521146536629592e-01
9.386519004439073388e-01
9.392575521077954903e-01
9.395965580819014562e-01
9.384967142990398026e-01
9.360004062849140993e-01
9.328614315369666565e-01
9.302379211734506104e-01
9.281205727544837858e-01
9.275206949597032402e-01
9.280718779749331793e-01
9.298179022028117968e-01
9.334722729573671218e-01
9.377313789273348243e-01
9.403284189977256791e-01
9.422668827019996529e-01
9.429506520531824032e-01
9.422822903046244036e-01
9.403621381653138878e-01
9.377900631674443988e-01
9.344542865594367420e-01
9.316841832278429658e-01
9.292685315962690984e-01
9.280000257678275855e-01
9.275149308863914754e-01
9.278675890320048358e-01
9.292471199325270659e-01
9.315676186155366079e-01
9.332035014123059025e-01
9.344909222665263027e-01
9.354109998056141517e-01
9.353415450743201021e-01
9.344259845333302561e-01
9.323548325218653510e-01
9.300324897776849342e-01
9.273449621822621447e-01
9.248968429530970425e-01
9.245425312799602224e-01
9.243129863514106814e-01
9.231518432717072953e-01
9.208966988124903663e-01
9.244262920206665068e-01
9.269194994837643975e-01
9.282103683278327688e-01
9.278331745380030693e-01
9.250823492456604624e-01
9.187219696829757032e-01
9.131370262432293439e-01
9.087711378843491561e-01
9.048896394177866620e-01
9.002580206073423907e-01
8.971349934401001702e-01
8.967661473555805784e-01
8.971740736835723817e-01
8.990204861946304860e-01
9.013762297487040165e-01
9.030259537742074682e-01
9.030928745774647881e-01
9.021077544217197541e-01
9.003057947829019581e-01
8.978084361764719912e-01
8.926221192731899068e-01
8.866641359881016760e-01
8.812796764448024289e-01
8.772795241106772224e-01
8.763180068546023715e-01
8.757076204679449249e-01
8.763428284978869165e-01
8.788856101045805502e-01
8.844181241994401033e-01
8.917679709486930895e-01
8.921475818904071042e-01
8.898259216807510308e-01
8.847988723839426140e-01
8.793852630056604447e-01
8.748076409026391831e-01
8.739045440241216545e-01
8.704356749032714502e-01
8.656503867527770568e-01
8.630334789150814201e-01
8.649410747731820504e-01
8.672987826654749988e-01
8.714139561591711658e-01
8.765171364886250593e-01
8.784671723857516712e-01
8.778718638235240013e-01
8.760681440908008044e-01
8.729633522887730868e-01
8.685593995652843846e-01
8.621909419172327782e-01
8.566833870409369389e-01
8.536049263078807625e-01
8.544604592868293436e-01
8.567101977118231071e-01
8.603423438652684219e-01
8.658122975545468059e-01
8.746519510970766076e-01
8.806914153726912442e-01
8.847058976198007851e-01
8.847613665027177499e-01
8.817603880724398380e-01
8.760880992725654792e-01
8.686129427660371771e-01
8.635616411496157552e-01
8.596898383208804173e-01
8.570849939655709182e-01
8.574887368123098597e-01
8.606238136124156890e-01
8.654241482028943722e-01
8.704229366108180432e-01
8.743124758933357166e-01
8.780128039915459093e-01
8.784193233045368698e-01
8.750150049890356163e-01
8.701051881926146203e-01
8.637345811953368591e-01
8.575785728987838086e-01
8.528057391317065417e-01
8.508200761338750029e-01
8.515392260442251615e-01
8.548979732499892847e-01
8.607134410827831372e-01
8.672488737809891379e-01
8.757142561082568166e-01
8.830315768350568417e-01
8.875204998657370004e-01
8.897215915693961197e-01
8.883462948459983632e-01
8.850641182321850042e-01
8.807505394606766069e-01
8.774234335374846427e-01
8.768182446728421953e-01
8.808382097877732742e-01
8.847282332112326175e-01
8.889253595813312314e-01
8.956883013893626178e-01
9.018199847874082131e-01
9.065198161113517950e-01
9.094684067201633804e-01
9.103183092747842986e-01
9.096546895398045507e-01
9.064987193294814505e-01
9.012384919463828359e-01
8.959614582716798337e-01
8.938370972891526156e-01
8.937163938452499234e-01
8.967280458653376085e-01
9.021735602247968888e-01
9.098689578088884344e-01
9.160096110703029870e-01
9.230559150748143260e-01
9.279869152121938969e-01
9.295359097967255124e-01
9.257911474422114706e-01
9.223039154056382749e-01
9.167811522695137327e-01
9.132562725067133735e-01
9.092268171168976787e-01
9.054232264593002899e-01
9.060395105847949271e-01
9.085771294434390466e-01
9.126517338003462543e-01
9.165192218070206120e-01
9.196271659518375774e-01
9.234027216258371418e-01
9.256068882983997659e-01
9.263589505025237036e-01
9.258984098026609155e-01
9.237669628037744607e-01
9.218889277576991503e-01
9.208909326447527466e-01
9.170142618020465930e-01
9.146479457158395165e-01
9.151191858722124151e-01
9.177064582851733876e-01
9.221643297817437857e-01
9.259607480176302863e-01
9.304895312360285109e-01
9.353365395097014146e-01
9.387183475712864711e-01
9.399132612055607350e-01
9.392480755567829132e-01
9.366285765138807617e-01
9.346772591423218035e-01
9.319397060935437072e-01
9.314917878248104577e-01
9.308789918502807792e-01
9.327864420900536802e-01
9.364822672927343161e-01
9.396533235814727991e-01
9.431638063726505150e-01
9.464249247722162917e-01
9.487265514515057507e-01
9.499823221389877004e-01
9.506302625800536754e-01
9.499556612977742009e-01
9.481126415982640276e-01
9.457083153231263806e-01
9.430626488996898260e-01
9.403465648760415130e-01
9.367527404500763932e-01
9.363644139121076737e-01
9.378321862431986400e-01
9.405214006097516455e-01
9.421546284342958710e-01
9.442374266696786922e-01
9.468631679611423380e-01
9.480282047327535100e-01
9.478871755148434719e-01
9.461628405542172882e-01
9.437932698474342796e-01
9.416530555022049054e-01
9.396001246353520298e-01
9.382090912629914570e-01
9.376817677791583483e-01
9.377119573536579766e-01
9.394460730866495135e-01
9.414107875130850456e-01
9.430550797619883241e-01
9.443499980306587771e-01
9.452910295315560818e-01
9.453460374776415653e-01
9.442610277245482298e-01
9.432201228890331191e-01
9.403759803796140071e-01
9.357983316708403665e-01
9.315506092063096100e-01
9.281156636232520407e-01
9.261812435231138174e-01
9.258627110618078415e-01
9.272177507654677520e-01
9.302537787626873333e-01
9.332756065854754812e-01
9.356304087693200211e-01
9.377481020705709103e-01
9.380081051972120054e-01
9.366897003015530743e-01
9.342410741532864993e-01
9.296464239963837528e-01
9.252679250636387520e-01
9.217630089442043761e-01
9.188929712204793043e-01
9.168617090481250287e-01
9.164456517316298401e-01
9.175513640085360967e-01
9.192676513371168534e-01
9.211608608279843180e-01
9.218817049035367139e-01
9.222976925501222834e-01
9.219710593090147954e-01
9.201609681444203881e-01
9.166643315864340114e-01
9.117199911778866017e-01
9.051260609563660520e-01
8.983528356140423332e-01
8.949762825900021701e-01
8.939791376621292196e-01
8.944198581729916331e-01
8.973335622329747796e-01
9.011993701346803221e-01
9.058011988037749651e-01
9.091971524860311682e-01
9.111550006258454237e-01
9.099864245464662771e-01
9.071452247994484797e-01
9.026902842248875070e-01
8.970785098816912440e-01
8.913445288493235807e-01
8.892023587377874128e-01
8.902118393153904963e-01
8.918139424085833600e-01
8.945557959159199379e-01
8.989650957032098155e-01
9.029915936691950140e-01
9.063647329215404058e-01
9.081897232330067293e-01
9.079559847517953974e-01
9.071690939809884391e-01
9.034861989682668737e-01
8.985686279585095582e-01
8.922412034610849307e-01
8.858157688456358425e-01
8.828878466361416155e-01
8.826081440357190777e-01
8.865612761280491361e-01
8.905109977490273110e-01
8.967086963669063104e-01
9.036230697956820768e-01
9.086407568922041378e-01
9.121542099213550969e-01
9.130443746745101619e-01
9.112482296492739886e-01
9.075524126354601595e-01
9.023136358034525850e-01
8.972260280134545241e-01
8.939016374385743147e-01
8.936493520015594827e-01
8.947025790867180195e-01
8.981782874176754694e-01
9.027612811339469356e-01
9.073284176944261814e-01
9.114580694046550136e-01
9.135128664107825536e-01
9.144181624635661088e-01
9.135288438389520538e-01
9.111398664992580443e-01
9.078021575139836319e-01
9.033482898957881924e-01
9.002442202915654779e-01
8.980223456598587228e-01
8.972371428481036304e-01
8.994484223475938123e-01
9.029363613711313130e-01
9.089890181280804171e-01
9.148997514828999256e-01
9.204051233281341782e-01
9.236856663101382647e-01
9.246408747993466459e-01
9.241103694406993529e-01
9.216894126109657082e-01
9.174630184568943747e-01
9.136982062743597144e-01
9.108606966638697067e-01
9.091371788647563124e-01
9.092583386482866459e-01
9.125997777327969906e-01
9.166509661431907485e-01
9.220655008093491256e-01
9.255075988631813466e-01
9.274904129924544938e-01
9.293270663423829347e-01
9.293413417537809140e-01
9.288270289183619965e-01
9.270894299842429298e-01
9.243645044904637009e-01
9.209508935459560508e-01
9.169802778323157266e-01
9.156977852388645811e-01
9.156635990987789242e-01
9.158015091390336870e-01
9.177931716162519571e-01
9.214534242716418966e-01
9.249489009278383245e-01
9.272022443680443260e-01
9.263319296524449298e-01
9.185188158564107086e-01
9.170387553065043607e-01
9.144512256454158106e-01
9.109651627716929267e-01
9.051651328106250505e-01
9.045287709161107248e-01
9.050712123562562050e-01
9.073653951891931246e-01
9.121264960211662443e-01
9.168948359076436461e-01
9.203330122420324555e-01
9.225998690900523158e-01
9.243422893815489427e-01
9.243904870512298366e-01
9.235517081433090025e-01
9.223675873571060002e-01
9.206892722902653148e-01
9.185235794639416973e-01
9.164815900482490285e-01
9.155732372300604549e-01
9.154560988369362384e-01
9.174536085701039401e-01
9.203685606669504971e-01
9.232793346146215274e-01
9.271195034496737541e-01
9.300553961459616659e-01
9.315576781665722006e-01
9.321838971065470325e-01
9.310908133618288618e-01
9.274650840438074528e-01
9.275894853537265394e-01
9.224161487967977857e-01
9.201902858178705458e-01
9.187146742919509723e-01
9.216903961676151669e-01
9.230372910428253919e-01
9.259005808625191403e-01
9.282340290700301644e-01
9.301407684393467878e-01
9.309001296448926599e-01
9.312875263259872138e-01
9.312031653331014347e-01
9.306307730015909163e-01
9.292989413728839354e-01
9.271451682527509508e-01
9.247146602891186395e-01
9.231915602710843993e-01
9.228360053231311477e-01
9.237526462862512000e-01
9.256846745751073913e-01
9.292449563672392499e-01
9.322389330423621612e-01
9.346591947446428739e-01
9.367861069776004523e-01
9.376529164726571386e-01
9.376968727308298002e-01
9.364165625838505314e-01
9.331390266472523454e-01
9.282362510664087241e-01
9.237200929704920682e-01
9.207726529322807218e-01
9.196212438145570101e-01
9.187252030805547198e-01
9.192204112150307305e-01
9.196907534643075088e-01
9.217480831193733959e-01
9.228455945912921177e-01
9.232472391177473092e-01
9.221627925376106871e-01
9.211358048559137313e-01
9.196805742065466971e-01
9.150724518663917451e-01
9.090894013387325057e-01
9.036483195132176682e-01
8.971612792573530060e-01
8.931384594899670626e-01
8.924731562344274671e-01
8.932261693331169372e-01
8.964555249914105683e-01
8.997844284771030487e-01
9.021482845457261535e-01
9.033448306540859951e-01
9.026780102245188786e-01
8.994368001493326936e-01
8.946957342573640393e-01
8.892895025959813848e-01
8.835639787422877589e-01
8.789668236604641915e-01
8.759358466636445462e-01
8.758879767981958553e-01
8.786902868900449137e-01
8.831439714783448913e-01
8.877573537383692814e-01
8.911166853663822218e-01
8.904029188617015311e-01
8.889896500673639679e-01
8.877037628463028129e-01
8.845888460078759064e-01
8.796442508292188212e-01
8.738309012335480075e-01
8.672956062096979224e-01
8.620163361538339952e-01
8.587396425284978818e-01
8.579129905036536607e-01
8.619276481912147014e-01
8.682035610078936427e-01
8.740768260294323744e-01
8.811100522312308447e-01
8.846621027901391265e-01
8.863425734046389559e-01
8.859995248558271141e-01
8.830559237263766459e-01
8.788903585355621884e-01
8.749547391223554405e-01
8.704268580922859266e-01
8.673483517110066598e-01
8.655445447965220973e-01
8.666781762541972967e-01
8.706358201131911834e-01
8.747799665352107290e-01
8.783268754646036403e-01
8.801329961459857243e-01
8.810084265607576182e-01
8.801844948214105901e-01
8.816405853842855800e-01
8.800760103917257826e-01
8.750895015348899575e-01
8.697237087661184862e-01
8.660306826620046694e-01
8.640443601730057877e-01
8.625104458405005170e-01
8.660971247338384860e-01
8.706476035663940349e-01
8.768988424242660784e-01
8.830976223698978611e-01
8.875395593975513586e-01
8.896368310081642639e-01
8.891208279624043254e-01
8.861070291657474618e-01
8.806797763894106401e-01
8.750690341812540352e-01
8.702801845542855741e-01
8.679869726548864461e-01
8.697844703509485242e-01
8.745627352159863754e-01
8.806101064591991268e-01
8.852200139860619821e-01
8.885472465073929182e-01
8.914778635940313611e-01
8.929569843734632695e-01
8.922514907226829495e-01
8.898977588883592027e-01
8.853715095301423199e-01
8.807419939345378923e-01
8.752156599473245313e-01
8.719054941028863137e-01
8.704742227285631184e-01
8.714420132934688201e-01
8.747173294287677869e-01
8.792151639085948878e-01
8.854446391175112563e-01
8.899788808336666079e-01
8.955356595583252588e-01
8.991071880250036674e-01
8.996014941320558123e-01
8.978952413540570721e-01
8.948945069115440409e-01
8.900976969338705302e-01
8.869095365904809958e-01
8.866258249221222743e-01
8.891288055420261127e-01
8.949348031602876175e-01
9.017885799693378113e-01
9.083667608851342390e-01
9.138524307483788522e-01
9.180828879536175879e-01
9.238442937355217932e-01
9.275664069997543448e-01
9.274479142149789634e-01
9.256303475143528026e-01
9.234270404330389148e-01
9.213504426024711202e-01
9.196160040392074020e-01
9.198080595306452611e-01
9.220149758859049749e-01
9.255798868156349668e-01
9.303348537912244920e-01
9.355290452778907140e-01
9.403899017598090770e-01
9.440460175705261969e-01
9.469338874763048031e-01
9.482573549825356052e-01
9.476873266862981815e-01
9.458909993755808543e-01
9.437088397935942119e-01
9.413435112748188560e-01
9.383200888030769349e-01
9.387661299377295654e-01
9.411724923822526456e-01
9.449029202158952812e-01
9.489718038398877731e-01
9.524000000551446909e-01
9.544770885349507239e-01
9.553516423876815544e-01
9.553887635016582447e-01
9.544140048047169422e-01
9.528321676580590038e-01
9.505621307753573390e-01
9.482166146757420311e-01
9.462344692231330345e-01
9.453900693769274888e-01
9.454627227660774569e-01
9.471699524879488852e-01
9.497547945589467355e-01
9.522426359659972306e-01
9.539135624264657443e-01
9.558946176031859476e-01
9.570910438525336295e-01
9.575405412538899874e-01
9.570417106699101728e-01
9.554131575798969767e-01
9.532126182380958879e-01
9.509127395645551317e-01
9.486969979795879526e-01
9.471896195175096844e-01
9.464146409260381088e-01
9.486183538714436647e-01
9.505619494574496509e-01
9.523864319548805968e-01
9.538608185926846783e-01
9.548915937176611912e-01
9.549963851136497039e-01
9.544853694223337515e-01
9.533174293837611835e-01
9.514384655953367353e-01
9.493709659161222447e-01
9.461870213398574370e-01
9.439656863941248144e-01
9.427101273741895771e-01
9.412921898080712779e-01
9.401041712942126427e-01
9.407810021793305832e-01
9.428328650754226326e-01
9.438185736535518178e-01
9.448867248407601949e-01
9.457776134473837581e-01
9.450313641262459985e-01
9.434133330877351176e-01
9.410838627497312148e-01
9.378765392018530989e-01
9.347781794884076900e-01
9.319418329766498976e-01
9.304344042037854257e-01
9.311121678873780505e-01
9.323596837817318406e-01
9.353912421992336412e-01
9.375600543050244262e-01
9.391009074008453972e-01
9.397034142005615820e-01
9.398152061188441708e-01
9.387676419451559395e-01
9.372221816738874889e-01
9.345957245338811781e-01
9.309320023160860824e-01
9.266280976997949281e-01
9.225991982823216198e-01
9.197216378276733550e-01
9.180539066091480960e-01
9.178322609450813019e-01
9.198465254371349653e-01
9.233832598949199832e-01
9.264896555837563996e-01
9.276954348716742738e-01
9.278551602530142883e-01
9.254331649658233960e-01
9.208986146153362862e-01
9.150383415190257441e-01
9.087368005333674725e-01
9.021026656732832327e-01
8.971101652590856013e-01
8.951594546703794952e-01
8.960169426780479895e-01
8.980280210021218679e-01
9.005411009629756824e-01
9.030740385151069249e-01
9.037444388108366589e-01
9.027966285435389260e-01
9.011730196530836068e-01
8.989471627417238153e-01
8.953644853052949992e-01
8.908010833795932948e-01
8.852849215984069930e-01
8.800570175261190897e-01
8.783226606333459641e-01
8.787864748791018865e-01
8.807302438282530455e-01
8.867307185202757402e-01
8.922405308108020128e-01
8.990106100892609753e-01
9.039555504731472402e-01
9.054529916099964826e-01
9.051778374953247663e-01
9.032501027779153979e-01
8.988861316090253073e-01
8.932844814235114672e-01
8.878600571173732581e-01
8.833070425656397440e-01
8.815180332687777565e-01
8.838877828096420863e-01
8.880572013452626701e-01
8.928894908301586719e-01
8.962087966760831081e-01
8.976571191540694272e-01
8.968576381404558262e-01
8.947942569074156527e-01
8.922268536791151394e-01
8.885054989792872115e-01
8.842469676887266816e-01
8.791995206574435562e-01
8.749448690307883858e-01
8.719366813773491431e-01
8.717503866435087900e-01
8.759772119581668015e-01
8.809415205777624269e-01
8.884311014398286188e-01
8.969515243931055481e-01
9.028339178443229862e-01
9.074536469799540095e-01
9.093921045219316435e-01
9.089325620626627078e-01
9.061010048560637076e-01
9.008512481921300274e-01
8.948785184474791210e-01
8.923817487020326844e-01
8.915794643543698550e-01
8.939383665379254662e-01
9.004032318521996148e-01
9.073533013939677483e-01
9.128108391802436383e-01
9.163371682242343885e-01
9.177079547175801544e-01
9.178585583653217084e-01
9.173814273111784434e-01
9.160409514724361379e-01
9.143719818391125020e-01
9.121053189448573573e-01
9.107356538077491237e-01
9.110020109770987640e-01
9.127130230792257493e-01
9.157970313183031452e-01
9.205139484971690544e-01
9.259608817582866136e-01
9.307067138861642164e-01
9.348234523804435092e-01
9.370035896453485780e-01
9.378834605043534500e-01
9.373859472335650533e-01
9.355034320126304204e-01
9.324703329438391863e-01
9.288860474724560667e-01
9.255887438913809051e-01
9.251384740015030639e-01
9.263691646351814857e-01
9.298829151004602833e-01
9.334608831795019324e-01
9.347572733474939222e-01
9.332573554876135713e-01
9.297549527524737734e-01
9.295288642456804862e-01
9.284269356494059267e-01
9.263560273261943756e-01
9.232944609471087638e-01
9.196132275865510630e-01
9.155324177216900283e-01
9.124660175539134332e-01
9.104315500510616888e-01
9.096825464110651627e-01
9.112823303695013477e-01
9.152356248367073954e-01
9.192064790676441888e-01
9.232235466267842972e-01
9.268886592544508529e-01
9.297149368502308775e-01
9.302161650390587955e-01
9.288609510544134640e-01
9.255770349668889230e-01
9.221118245041822759e-01
9.176946040180925523e-01
9.148089119192803764e-01
9.148636824577320859e-01
9.186897593077016921e-01
9.240513069928244505e-01
9.304486721058162768e-01
9.351358994229963528e-01
9.391713441671333262e-01
9.427146709044139650e-01
9.453654196880080240e-01
9.461190190060985161e-01
9.436900249158719500e-01
9.404876355112863351e-01
9.364991392375781043e-01
9.335007936615394852e-01
9.321131275573150132e-01
9.326119919671158609e-01
9.345101771555586190e-01
9.371511278752890917e-01
9.404413858101050572e-01
9.434178044643974914e-01
9.448396841822803705e-01
9.459114246067291676e-01
9.458587073434974180e-01
9.447971707425737442e-01
9.426264269010743435e-01
9.394981565651548960e-01
9.361638419377377174e-01
9.330251404784263292e-01
9.304571142229859371e-01
9.314393388448453104e-01
9.332927966581527901e-01
9.366447376061680652e-01
9.394147408978363867e-01
9.412700008923098327e-01
9.425011040532627060e-01
9.428257874407282024e-01
9.421517631486180377e-01
9.406249809539499740e-01
9.382630344749176565e-01
9.353013985581354328e-01
9.314530804901505201e-01
9.277648892063140584e-01
9.252217085881961900e-01
9.242283841651542931e-01
9.248281281776743468e-01
9.261445462065464040e-01
9.270463359041228868e-01
9.292830198693172727e-01
9.309910165445376418e-01
9.314004144617328285e-01
9.310502248709677797e-01
9.293146535441536571e-01
9.266569837071738647e-01
9.228735280867748081e-01
9.188534844896629750e-01
9.161770671787192732e-01
9.152267960531047519e-01
9.157890793364426019e-01
9.189726704421569137e-01
9.224556301691881899e-01
9.252086208800931466e-01
9.265945757210487521e-01
9.265572157752594018e-01
9.253747287131740551e-01
9.233890007592236993e-01
9.208112640534555915e-01
9.168867388750046032e-01
9.117216684616394895e-01
9.057272778707775585e-01
8.996059659578935497e-01
8.974879162283168066e-01
8.980491203394355137e-01
9.007007518272424074e-01
9.041477726223290379e-01
9.069329018262080044e-01
9.087515362912956807e-01
9.094734883855484231e-01
9.089616273948118996e-01
9.071134821610461474e-01
9.037999813913913938e-01
8.990561719083505210e-01
8.934089083159644229e-01
8.889824495788349878e-01
8.864597111120506856e-01
8.860307448520580165e-01
8.886891705268669117e-01
8.921138511856061548e-01
8.966552971654353499e-01
8.991362869092169863e-01
8.992946921532297688e-01
8.976055231128527989e-01
8.941583119817227976e-01
8.887848317759664551e-01
8.831547983094171217e-01
8.775991282415116501e-01
8.678754798211707477e-01
8.602985833501893831e-01
8.550864833937141807e-01
8.523962542478190629e-01
8.544054192827411631e-01
8.598683405861150542e-01
8.653742061610849579e-01
8.706654461555182190e-01
8.749490287424553925e-01
8.757368297981366068e-01
8.740216607569267770e-01
8.701510339080192891e-01
8.626690537937889980e-01
8.545836291672098683e-01
8.491352507702150110e-01
8.490416715060546959e-01
8.544661999092563187e-01
8.634116052327811541e-01
8.760960764039793514e-01
8.880408799209262849e-01
8.959680981813711309e-01
9.003563077317834340e-01
9.024374713980627405e-01
9.004596565617962733e-01
8.968897287306071275e-01
8.926937532985749213e-01
8.885850595255186946e-01
8.865101712285875513e-01
8.841218236774527339e-01
8.828025799273961916e-01
8.856022112485105735e-01
8.901044314317960726e-01
8.960563123884096592e-01
9.032089965091661954e-01
9.104022669536451229e-01
9.159402587828945341e-01
9.194386895232448120e-01
9.198235077497555201e-01
9.174474169282477165e-01
9.140130211877043331e-01
9.101151735297378087e-01
9.062314157809184811e-01
9.055936551371426280e-01
9.088598311296894883e-01
9.148516161981663508e-01
9.215660823698154092e-01
9.278312944448502408e-01
9.321610670016873268e-01
9.338958887314797730e-01
9.338299261067848356e-01
9.325418632142158382e-01
9.303806263327297765e-01
9.273668664259537842e-01
9.237793434264576220e-01
9.206771256119301583e-01
9.187582442460890952e-01
9.179076665942854651e-01
9.189581107023897522e-01
9.219100537886861790e-01
9.247679165038548144e-01
9.292949652255800830e-01
9.339488138796695482e-01
9.374636951912005411e-01
9.397271803273608004e-01
9.405307602731324268e-01
9.399638103507789166e-01
9.381586075721006779e-01
9.348387431405493775e-01
9.314467128967027776e-01
9.295278436996748939e-01
9.278042258022173305e-01
9.313994666657710031e-01
9.359373689193616341e-01
9.404605007688470186e-01
9.437894576614085373e-01
9.451657436708260640e-01
9.443445100274842074e-01
9.417658869938152488e-01
9.386423615323440384e-01
9.345669921265703506e-01
9.295709162596611508e-01
9.235001920929611918e-01
9.200434231619957215e-01
9.188418171089839381e-01
9.188131372570880195e-01
9.204712593321242586e-01
9.231866829616615089e-01
9.252824242815771427e-01
9.259266636814182938e-01
9.262930476963926463e-01
9.259344715788113689e-01
9.257444711821257721e-01
9.251340453327198121e-01
9.235327071536829635e-01
9.210852985719443220e-01
9.175999966271056740e-01
9.155227377895648333e-01
9.163851858837174236e-01
9.204833525536190164e-01
9.272857637601183978e-01
9.358724971366803036e-01
9.399492037049929083e-01
9.428100564947003992e-01
9.436837082325998383e-01
9.435356793400655473e-01
9.432526670892731335e-01
9.422014853121420952e-01
9.398810539369412131e-01
9.366728004465597612e-01
9.333365806584251745e-01
9.305608988817286598e-01
9.282967084427223847e-01
9.269335185575758862e-01
9.274797419367388773e-01
9.284575016007031723e-01
9.294833889733061794e-01
9.304927034343732917e-01
9.310859230370294171e-01
9.314420776064049612e-01
9.318594968250167865e-01
9.310555401520690388e-01
9.288606731829776031e-01
9.252757206454349515e-01
9.212291459566628316e-01
9.176030006558378860e-01
9.170571363786366170e-01
9.187997196378245857e-01
9.219790317003937474e-01
9.263084165567343486e-01
9.294004408572674736e-01
9.313726573946283782e-01
9.326090564271249939e-01
9.319946041174126394e-01
9.305388348712605451e-01
9.277992401747392481e-01
9.238347558690254147e-01
9.187831427970818421e-01
9.140339872092543283e-01
9.104836168669251384e-01
9.101553451119382965e-01
9.119024827913519982e-01
9.154567625964874500e-01
9.188888740753212714e-01
9.201355268498596640e-01
9.168235529721675547e-01
9.124240257550689792e-01
9.073005003725124196e-01
9.021961321869768069e-01
8.976333081926115565e-01
8.928550250885670669e-01
8.864765770788661792e-01
8.838464213382898338e-01
8.841724640105635968e-01
8.872754360567405296e-01
8.928743214690432195e-01
8.992668914720043372e-01
9.057004004627922100e-01
9.108400305158744770e-01
9.125123297221956475e-01
9.123732730582114758e-01
9.095790174776853254e-01
9.054921856451904061e-01
8.997263146694693958e-01
8.919787000311660830e-01
8.835929592073376027e-01
8.770515947619837993e-01
8.737756252079900143e-01
8.747853619991174945e-01
8.793244885408263434e-01
8.830393598474706174e-01
8.871530315793765276e-01
8.890522144761550116e-01
8.898152205302374274e-01
8.898149878010989111e-01
8.930070159866975166e-01
8.940470806081390887e-01
8.973558404670421984e-01
8.974398005522344901e-01
8.913906976499932355e-01
8.864919518108045349e-01
8.878331462513334715e-01
8.877824092867196981e-01
8.902515311079580718e-01
8.939083446713821379e-01
8.981576509142710218e-01
9.017634661034356069e-01
9.020913601957403216e-01
9.003968767822947417e-01
8.970678261080530236e-01
8.920826655767249980e-01
8.860981344683903638e-01
8.787258550472597518e-01
8.725865720560872507e-01
8.699021724262712141e-01
8.728748465362587972e-01
8.772050868248014721e-01
8.835201011535541715e-01
8.895097525755351064e-01
8.937995023451722476e-01
8.981846067866066097e-01
8.997316196940773336e-01
8.980704115299463774e-01
8.925300219568010895e-01
8.847567113016995277e-01
8.759163777688954156e-01
8.714430511093543830e-01
8.697530747594336420e-01
8.724517760255814380e-01
8.797633133831875840e-01
8.865533230536218889e-01
8.889787602679424250e-01
8.889802677387118601e-01
8.861968326761737735e-01
8.817707957939315833e-01
8.757409132192797152e-01
8.683522318284166985e-01
8.603548776043276058e-01
8.494606994177446024e-01
8.340403116697674424e-01
8.249140277789251963e-01
8.212536273931871911e-01
8.257351126041300171e-01
8.351037790101254465e-01
8.460844723015061852e-01
8.542446777457312068e-01
8.626681212825776379e-01
8.695663383627683096e-01
8.728431960242829524e-01
8.733158088185603019e-01
8.698119452221303449e-01
8.629138060581362790e-01
8.565128166082416339e-01
8.500885111234588454e-01
8.465808684220036406e-01
8.493195708905938446e-01
8.548893312265236633e-01
8.613927067724406195e-01
8.689397381329798664e-01
8.773764677734690043e-01
8.846485861502667580e-01
8.925267400538988705e-01
8.972534740337347881e-01
8.975797984192023238e-01
8.974279180427507940e-01
8.949668016830606421e-01
8.922586973243131769e-01
8.890847293332919676e-01
8.898609501079717266e-01
8.953524641013429486e-01
9.004916239651301613e-01
9.055013699800020799e-01
9.088492532295043835e-01
9.127152888505767336e-01
9.155272476843878682e-01
9.175662909178086135e-01
9.178128739075199771e-01
9.151108551136861724e-01
9.125210370646799074e-01
9.110981833210526348e-01
9.111888013776804351e-01
9.083403389341221379e-01
9.061622623606058191e-01
9.077942707922690424e-01
9.121741572499872941e-01
9.165598646264566662e-01
9.178653378464655122e-01
9.171852776789499728e-01
9.137764152758660607e-01
9.078018243673533494e-01
9.006158049309869185e-01
8.938031084073005950e-01
8.874940138573604864e-01
8.844122794987507863e-01
8.805583019841480841e-01
8.788367544579981372e-01
8.799419630113124446e-01
8.882945185091523088e-01
8.949333466961351125e-01
9.022814517153854297e-01
9.071447337205009731e-01
9.101071550839695545e-01
9.122310399867744612e-01
9.112879703391982833e-01
9.103510751915464549e-01
9.065758510924805114e-01
9.010677822036388118e-01
8.978879040820466617e-01
8.880823451239746591e-01
8.772664894267244717e-01
8.694796454098833172e-01
8.725417966465942587e-01
8.805479091934842462e-01
8.893560014074948228e-01
8.971194985762674934e-01
9.023747396988651692e-01
9.102900842974118722e-01
9.159586581110997772e-01
9.198624946043338912e-01
9.212625136676656501e-01
9.206023071893592036e-01
9.190686863517499861e-01
9.159619211520938498e-01
9.143493186095681402e-01
9.140785972298196560e-01
9.166505187336525529e-01
9.213420679939291480e-01
9.253188069903424129e-01
9.292804065626671939e-01
9.320797690795861179e-01
9.345200175029687584e-01
9.355380995364356300e-01
9.351475491436432863e-01
9.328388982532236362e-01
9.281164951657587814e-01
9.252347031238191688e-01
9.228398143139359133e-01
9.195048741940305970e-01
9.203557262834718422e-01
9.245523149864084411e-01
9.298619725431521710e-01
9.351356805200342626e-01
9.388375258254083588e-01
9.408095070394320025e-01
9.413007313321815062e-01
9.404986688895357050e-01
9.381422926598994572e-01
9.348175682688639743e-01
9.307964345186642285e-01
9.265217352892446412e-01
9.223849516626366762e-01
9.196129478291434900e-01
9.183019206297654558e-01
9.193930729529991019e-01
9.234830982162347546e-01
9.263857044966349319e-01
9.262696361591129524e-01
9.267228368013937789e-01
9.254446378873077972e-01
9.228422247987166926e-01
9.188808870761528969e-01
9.137509314243191794e-01
9.083379826361693832e-01
9.023604279594690247e-01
8.965122426694906999e-01
8.929432569591677638e-01
8.907131955932585665e-01
8.933261279108158925e-01
8.969427887271284039e-01
8.996829124528953336e-01
9.011061811935073829e-01
8.993282764699032095e-01
8.961886078167642378e-01
8.893410320046275519e-01
8.803373640768741293e-01
8.678755960361117516e-01
8.550780303045050212e-01
8.426661916040413258e-01
8.332789792753257929e-01
8.305681513615889022e-01
8.329662306446126152e-01
8.379610542955501229e-01
8.457855624278266538e-01
8.514757766217337931e-01
8.531815948678731498e-01
8.540976943284789291e-01
8.547611817841053172e-01
8.520605394965297119e-01
8.462605119224507755e-01
8.422776804083869084e-01
8.395115185377990397e-01
8.343951666576382431e-01
8.325971203303905721e-01
8.334503916754688602e-01
8.386014348842781851e-01
8.451795843778238115e-01
8.532718818578374220e-01
8.578671497870110629e-01
8.560451880033737027e-01
8.547790895322213700e-01
8.511818904583499101e-01
8.448372634325552744e-01
8.365385672510400328e-01
8.282253961886605342e-01
8.207901928065209907e-01
8.183401099023503988e-01
8.202486826327758385e-01
8.271868069883065999e-01
8.358826058456233499e-01
8.447623595508617633e-01
8.520971659969822642e-01
8.564702680635679632e-01
8.581501151954215034e-01
8.572589085813998588e-01
8.554940159193988869e-01
8.528474598782260774e-01
8.497731175036929985e-01
8.481898549073243476e-01
8.473633147109892461e-01
8.520789408547646548e-01
8.594358985990450117e-01
8.718015982374973660e-01
8.818585450204705634e-01
8.908385659795799993e-01
8.965697283236359061e-01
8.996452705761075475e-01
8.952739193230314640e-01
8.832016442188357352e-01
8.749138838691717934e-01
8.649737021253931513e-01
8.576388786817626952e-01
8.528625098305958607e-01
8.522271023606856621e-01
8.530544088452413076e-01
8.580525113905886903e-01
8.625819131455459976e-01
8.666489350242840839e-01
8.672993131070567685e-01
8.634689324564893687e-01
8.575535589256829683e-01
8.462225750345360176e-01
8.298656011919555153e-01
8.110615036676599443e-01
7.963056515851902883e-01
7.850242203087758330e-01
7.816333875574403844e-01
7.844388445162280288e-01
7.913740618523876780e-01
8.014831367661794381e-01
8.108245005696261831e-01
8.153649294214283527e-01
8.235016812208154624e-01
8.290824275028737533e-01
8.300763959056838281e-01
8.329611784524075802e-01
8.319018433992051431e-01
8.300463076184676492e-01
8.242244616685173719e-01
8.194799177950008451e-01
8.170072092628632987e-01
8.153781120205585431e-01
8.181494202071193378e-01
8.240599494029445804e-01
8.307344483162850679e-01
8.397383669177717058e-01
8.480913357515114104e-01
8.530832440906453984e-01
8.545693498211303085e-01
8.530612646945819888e-01
8.463930021600271081e-01
8.353567577136454814e-01
8.234452747941215511e-01
8.124377093237008518e-01
7.997202262055224109e-01
7.927828281037722080e-01
7.934974185099940014e-01
8.007657051108584279e-01
8.121952403182731706e-01
8.245482555201137931e-01
8.319916455080986761e-01
8.367945906738984974e-01
8.425050695117698440e-01
8.459255511430401331e-01
8.529218400549951618e-01
8.505100727069581090e-01
8.471779577973905795e-01
8.440146769225952417e-01
8.390963878330498504e-01
nan
nan
nan
nan
nan
nan
nan
nan
nan
nan
nan
nan
nan
nan
nan
nan
nan
nan
nan
nan
nan
nan
nan
nan
nan
nan
nan
nan
nan
